image_width: 1280
image_height: 1024
camera_name: narrow_stereo
camera_matrix:
  rows: 3
  cols: 3
  data: [817.145117, 0.000000, 641.591994, 0.000000, 819.682046, 522.178220, 0.000000, 0.000000, 1.000000]
distortion_model: plumb_bob
distortion_coefficients:
  rows: 1
  cols: 5
  data: [-0.303324, 0.091283, 0.000318, -0.001194, 0.000000]
rectification_matrix:
  rows: 3
  cols: 3
  data: [1.000000, 0.000000, 0.000000, 0.000000, 1.000000, 0.000000, 0.000000, 0.000000, 1.000000]
projection_matrix:
  rows: 3
  cols: 4
  data: [645.453352, 0.000000, 637.707512, 0.000000, 0.000000, 710.000733, 525.571985, 0.000000, 0.000000, 0.000000, 1.000000, 0.000000]
