image_width: 1280
image_height: 1024
camera_name: narrow_stereo
camera_matrix:
  rows: 3
  cols: 3
  data: [824.215334, 0.000000, 649.268137, 0.000000, 825.641027, 514.745645, 0.000000, 0.000000, 1.000000]
distortion_model: plumb_bob
distortion_coefficients:
  rows: 1
  cols: 5
  data: [-0.302610, 0.079322, 0.001476, 0.000118, 0.000000]
rectification_matrix:
  rows: 3
  cols: 3
  data: [1.000000, 0.000000, 0.000000, 0.000000, 1.000000, 0.000000, 0.000000, 0.000000, 1.000000]
projection_matrix:
  rows: 3
  cols: 4
  data: [640.655280, 0.000000, 654.576761, 0.000000, 0.000000, 713.896528, 517.739376, 0.000000, 0.000000, 0.000000, 1.000000, 0.000000]
